child_A
0.06221472
0.06243001
0.06221743
0.062128615
0.06200129
0.0621544
0.062248737 
0.062496215 
0.06230545  
0.061804082 
0.06202419  
0.062171496 
0.061859924 
0.061784945 
0.06257058  


child_B
0.06187839
0.061710358
0.061718233
0.061735254
0.061701506
0.06168412
0.061720118
0.06171445
0.061766464
0.061882693
0.061663494
0.06221066
0.061652154
0.062054586
0.061791703


orig
0.062497236
0.062456444
0.062298186
0.06222944
0.062107485
0.06218115
0.061663266
0.062260456
0.06249162
0.062439952
0.061965037
0.062026843
0.06264485
0.061896756
0.06219132
0.06272485